Pager usage is off.
-- consulta: sql/p06b_jovem_vota_jovem.sql
-- parâmetros: ano = 2024, cargo = VEREADOR
                                                                 servidor                                                                 |  banco   |    executado_em     
------------------------------------------------------------------------------------------------------------------------------------------+----------+---------------------
 PostgreSQL 16.15 (Ubuntu 16.15-0ubuntu0.24.04.1) on x86_64-pc-linux-gnu, compiled by gcc (Ubuntu 13.3.0-6ubuntu2~24.04.1) 13.3.0, 64-bit | eleicoes | 2026-10-02 22:54:35
(1 row)

Timing is on.
WITH jovens AS (
    SELECT pc.cod_eleicao, pc.cod_tse,
           100.0 * SUM(pc.comparecimento) FILTER (
                   WHERE SUBSTRING(pc.faixa_etaria FROM '^[0-9]+')::INT < 35)
                 / NULLIF(SUM(pc.comparecimento), 0) AS pct_votantes_jovens
    FROM perfil_comparecimento pc
    WHERE pc.turno = 1 AND pc.faixa_etaria ~ '^[0-9]'
    GROUP BY pc.cod_eleicao, pc.cod_tse
),
idade_voto AS (
    SELECT v.cod_eleicao, vc.cod_tse,
           SUM(vc.votos * v.idade_posse)::NUMERIC
             / NULLIF(SUM(vc.votos), 0) AS idade_media_votada
    FROM votos_cand vc
    JOIN vw_candidatura v ON v.sq_candidato = vc.sq_candidato
    WHERE vc.turno = 1 AND v.idade_posse > 0 AND v.ano = 2024 AND v.cargo = 'VEREADOR'
    GROUP BY v.cod_eleicao, vc.cod_tse
)
SELECT NTILE(5) OVER (ORDER BY j.pct_votantes_jovens) AS quintil_juventude,
       j.cod_tse,
       ROUND(j.pct_votantes_jovens, 2) AS pct_votantes_ate_34,
       ROUND(i.idade_media_votada, 1)  AS idade_media_votada
FROM jovens j
JOIN idade_voto i ON i.cod_eleicao = j.cod_eleicao AND i.cod_tse = j.cod_tse
ORDER BY quintil_juventude;
 quintil_juventude | cod_tse | pct_votantes_ate_34 | idade_media_votada 
-------------------+---------+---------------------+--------------------
                 1 | 43974   |               22.35 |               50.2
                 1 | 45810   |               22.81 |               47.1
                 1 | 44938   |               22.95 |               50.3
                 1 | 49271   |               23.37 |               47.6
                 1 | 41610   |               23.58 |               43.3
                 1 | 53651   |               23.98 |               42.8
                 1 | 44636   |               24.14 |               47.3
                 1 | 41394   |               24.25 |               43.0
                 1 | 51837   |               24.40 |               47.2
                 1 | 47414   |               24.56 |               48.8
                 1 | 42218   |               24.56 |               48.3
                 1 | 41912   |               24.60 |               46.1
                 1 | 45039   |               24.64 |               45.9
                 1 | 44539   |               24.78 |               46.5
                 1 | 42056   |               24.88 |               44.8
                 1 | 43133   |               24.92 |               47.3
                 1 | 41017   |               24.93 |               47.0
                 1 | 46051   |               24.98 |               44.6
                 1 | 41815   |               24.99 |               45.9
                 1 | 50750   |               25.13 |               49.3
                 1 | 53490   |               25.13 |               51.6
                 1 | 52736   |               25.16 |               48.0
                 1 | 41432   |               25.21 |               43.1
                 1 | 46639   |               25.27 |               50.7
                 1 | 47759   |               25.30 |               48.5
                 1 | 43095   |               25.32 |               48.8
                 1 | 50350   |               25.37 |               48.2
                 1 | 47694   |               25.40 |               46.3
                 1 | 90573   |               25.40 |               45.8
                 1 | 53678   |               25.40 |               46.9
                 1 | 41653   |               25.41 |               47.7
                 1 | 50059   |               25.45 |               41.4
                 1 | 48232   |               25.47 |               53.3
                 1 | 52191   |               25.48 |               50.1
                 1 | 50377   |               25.54 |               49.3
                 1 | 51853   |               25.55 |               46.3
                 1 | 43770   |               25.58 |               49.4
                 1 | 42110   |               25.58 |               47.2
                 1 | 40037   |               25.59 |               47.7
                 1 | 41130   |               25.65 |               48.5
                 1 | 50296   |               25.65 |               51.6
                 1 | 42870   |               25.67 |               50.4
                 1 | 45217   |               25.74 |               48.6
                 1 | 50091   |               25.75 |               50.6
                 1 | 53830   |               25.75 |               46.3
                 1 | 50334   |               25.76 |               50.7
                 1 | 40134   |               25.79 |               45.5
                 1 | 46256   |               25.82 |               49.5
                 1 | 47910   |               25.84 |               49.0
                 1 | 53538   |               25.88 |               51.4
                 1 | 40835   |               25.88 |               47.9
                 1 | 54453   |               25.94 |               47.3
                 1 | 42552   |               25.94 |               46.6
                 1 | 46698   |               25.95 |               47.2
                 1 | 49190   |               25.97 |               48.9
                 1 | 43516   |               25.97 |               47.7
                 1 | 50571   |               25.97 |               49.0
                 1 | 45136   |               26.00 |               46.2
                 1 | 42854   |               26.03 |               47.9
                 1 | 43052   |               26.07 |               46.5
                 1 | 51691   |               26.09 |               47.7
                 1 | 48550   |               26.13 |               47.1
                 1 | 50857   |               26.17 |               47.4
                 1 | 21652   |               26.19 |               48.3
                 1 | 40010   |               26.22 |               49.9
                 1 | 48879   |               26.22 |               45.0
                 1 | 42234   |               26.24 |               45.1
                 1 | 53732   |               26.29 |               48.6
                 1 | 45250   |               26.29 |               48.8
                 1 | 50016   |               26.33 |               46.9
                 1 | 43915   |               26.36 |               44.1
                 1 | 52671   |               26.37 |               45.4
                 1 | 48291   |               26.37 |               44.6
                 1 | 52493   |               26.38 |               47.2
                 1 | 43672   |               26.39 |               48.2
                 1 | 44350   |               26.40 |               47.2
                 1 | 50792   |               26.41 |               47.6
                 1 | 50938   |               26.41 |               47.5
                 1 | 43958   |               26.46 |               49.3
                 1 | 42390   |               26.46 |               45.4
                 1 | 45470   |               26.49 |               44.7
                 1 | 40991   |               26.52 |               49.9
                 1 | 48453   |               26.55 |               46.4
                 1 | 53759   |               26.56 |               47.6
                 1 | 53554   |               26.57 |               46.9
                 1 | 42919   |               26.59 |               45.5
                 1 | 44210   |               26.60 |               44.4
                 1 | 40550   |               26.61 |               47.7
                 1 | 52574   |               26.61 |               46.2
                 1 | 44458   |               26.61 |               45.7
                 1 | 54011   |               26.65 |               47.9
                 1 | 49573   |               26.66 |               47.2
                 1 | 53473   |               26.67 |               48.8
                 1 | 43931   |               26.67 |               45.6
                 1 | 42196   |               26.71 |               49.0
                 1 | 42587   |               26.75 |               45.0
                 1 | 50172   |               26.78 |               47.4
                 1 | 50253   |               26.79 |               47.3
                 1 | 45632   |               26.80 |               47.3
                 1 | 44113   |               26.83 |               43.8
                 1 | 54232   |               26.84 |               44.0
                 1 | 53775   |               26.85 |               48.5
                 1 | 41211   |               26.87 |               45.3
                 1 | 52175   |               26.88 |               46.5
                 1 | 41670   |               26.88 |               46.3
                 1 | 45730   |               26.90 |               48.8
                 1 | 50679   |               26.90 |               47.7
                 1 | 43010   |               26.91 |               48.8
                 1 | 90611   |               26.91 |               47.3
                 1 | 54135   |               26.94 |               47.8
                 1 | 40797   |               26.95 |               49.5
                 1 | 53791   |               26.95 |               49.4
                 1 | 47139   |               26.96 |               47.7
                 1 | 40061   |               26.96 |               47.5
                 1 | 90972   |               26.96 |               47.2
                 1 | 51799   |               26.97 |               45.4
                 1 | 46671   |               26.98 |               48.7
                 1 | 40231   |               26.98 |               47.1
                 1 | 42161   |               27.01 |               44.0
                 1 | 52930   |               27.02 |               49.3
                 1 | 50814   |               27.02 |               50.6
                 1 | 51152   |               27.03 |               52.8
                 1 | 48631   |               27.04 |               46.2
                 1 | 43850   |               27.04 |               47.8
                 1 | 48810   |               27.06 |               50.9
                 1 | 45276   |               27.08 |               42.2
                 1 | 44270   |               27.08 |               53.4
                 1 | 54119   |               27.10 |               46.5
                 1 | 42650   |               27.12 |               48.4
                 1 | 41475   |               27.13 |               44.7
                 1 | 40827   |               27.14 |               45.4
                 1 | 51136   |               27.14 |               48.8
                 1 | 47678   |               27.15 |               50.8
                 1 | 45411   |               27.15 |               50.6
                 1 | 49530   |               27.15 |               45.3
                 1 | 41238   |               27.16 |               46.1
                 1 | 49433   |               27.18 |               47.0
                 1 | 51055   |               27.19 |               40.8
                 1 | 40290   |               27.20 |               49.8
                 1 | 49778   |               27.21 |               49.0
                 1 | 43877   |               27.22 |               48.2
                 1 | 53970   |               27.24 |               49.9
                 1 | 49590   |               27.24 |               48.8
                 1 | 46230   |               27.26 |               48.6
                 1 | 51071   |               27.26 |               48.8
                 1 | 47597   |               27.27 |               47.1
                 1 | 50512   |               27.28 |               47.2
                 1 | 50075   |               27.31 |               48.9
                 1 | 46299   |               27.32 |               49.4
                 1 | 45616   |               27.33 |               44.6
                 1 | 50970   |               27.36 |               45.8
                 1 | 46175   |               27.37 |               50.6
                 1 | 42145   |               27.38 |               55.0
                 1 | 45535   |               27.39 |               48.0
                 1 | 41270   |               27.40 |               41.4
                 1 | 52639   |               27.40 |               47.4
                 1 | 46515   |               27.41 |               50.8
                 1 | 48038   |               27.41 |               51.3
                 1 | 52779   |               27.41 |               45.6
                 1 | 53635   |               27.42 |               42.5
                 1 | 41777   |               27.42 |               48.7
                 1 | 46817   |               27.42 |               49.1
                 1 | 48097   |               27.43 |               47.6
                 1 | 48577   |               27.43 |               49.3
                 1 | 43419   |               27.45 |               47.7
                 1 | 46892   |               27.48 |               45.3
                 1 | 46612   |               27.49 |               44.6
                 1 | 52850   |               27.49 |               39.9
                 1 | 47333   |               27.49 |               49.1
                 1 | 50415   |               27.50 |               49.4
                 1 | 41378   |               27.51 |               49.7
                 1 | 40754   |               27.51 |               48.5
                 1 | 53155   |               27.52 |               42.4
                 1 | 40401   |               27.52 |               44.7
                 1 | 53570   |               27.55 |               46.5
                 1 | 51950   |               27.56 |               43.5
                 1 | 41890   |               27.57 |               50.7
                 1 | 54356   |               27.57 |               46.2
                 1 | 48674   |               27.58 |               47.6
                 1 | 46990   |               27.58 |               49.6
                 1 | 54194   |               27.58 |               50.3
                 1 | 40436   |               27.59 |               47.9
                 1 | 45799   |               27.59 |               50.1
                 1 | 52310   |               27.61 |               48.4
                 1 | 46116   |               27.61 |               45.8
                 1 | 46833   |               27.63 |               47.2
                 1 | 40878   |               27.65 |               48.0
                 1 | 48470   |               27.66 |               51.2
                 1 | 49557   |               27.66 |               42.6
                 1 | 46752   |               27.66 |               46.7
                 1 | 49115   |               27.66 |               46.3
                 1 | 49298   |               27.66 |               48.1
                 1 | 41440   |               27.66 |               45.5
                 1 | 91456   |               27.67 |               51.3
                 1 | 40150   |               27.67 |               42.7
                 1 | 40517   |               27.67 |               47.4
                 1 | 47236   |               27.68 |               49.1
                 1 | 44970   |               27.68 |               43.4
                 1 | 49310   |               27.68 |               45.9
                 1 | 40975   |               27.69 |               44.2
                 1 | 40614   |               27.69 |               50.4
                 1 | 46434   |               27.71 |               48.0
                 1 | 45675   |               27.73 |               47.1
                 1 | 41050   |               27.73 |               48.4
                 1 | 40215   |               27.74 |               49.3
                 1 | 44032   |               27.74 |               47.8
                 1 | 45896   |               27.78 |               46.6
                 1 | 54216   |               27.78 |               44.4
                 1 | 48313   |               27.79 |               48.3
                 1 | 48615   |               27.79 |               48.0
                 1 | 47317   |               27.80 |               43.3
                 1 | 40690   |               27.82 |               46.7
                 1 | 48771   |               27.83 |               50.8
                 1 | 44253   |               27.84 |               48.1
                 1 | 51675   |               27.84 |               48.7
                 1 | 53317   |               27.84 |               48.4
                 1 | 45179   |               27.87 |               47.3
                 1 | 49336   |               27.89 |               44.5
                 1 | 43338   |               27.90 |               45.7
                 1 | 51217   |               27.91 |               45.5
                 1 | 41599   |               27.92 |               47.1
                 1 | 41947   |               27.94 |               42.3
                 1 | 48852   |               27.95 |               47.5
                 1 | 48151   |               27.95 |               45.8
                 1 | 51470   |               27.96 |               43.6
                 1 | 52973   |               27.96 |               43.0
                 1 | 42072   |               27.96 |               41.6
                 1 | 42676   |               27.98 |               48.5
                 1 | 41556   |               28.00 |               46.3
                 1 | 49077   |               28.00 |               45.5
                 1 | 40916   |               28.02 |               44.4
                 1 | 49450   |               28.03 |               47.5
                 1 | 40339   |               28.05 |               48.0
                 1 | 52434   |               28.05 |               44.1
                 1 | 43176   |               28.08 |               43.9
                 1 | 48950   |               28.11 |               45.1
                 1 | 52353   |               28.11 |               49.7
                 1 | 46914   |               28.13 |               45.3
                 1 | 40312   |               28.13 |               48.7
                 1 | 44695   |               28.14 |               42.1
                 1 | 45659   |               28.15 |               44.7
                 1 | 44890   |               28.15 |               48.4
                 1 | 54372   |               28.16 |               48.8
                 1 | 90654   |               28.16 |               47.5
                 1 | 42951   |               28.16 |               43.5
                 1 | 42730   |               28.18 |               46.2
                 1 | 91472   |               28.19 |               45.3
                 1 | 41734   |               28.21 |               48.1
                 2 | 40770   |               28.21 |               44.8
                 2 | 50636   |               28.22 |               47.4
                 2 | 90492   |               28.22 |               49.7
                 2 | 48593   |               28.24 |               50.5
                 2 | 41033   |               28.25 |               47.4
                 2 | 00710   |               28.26 |               43.5
                 2 | 42374   |               28.28 |               46.1
                 2 | 50490   |               28.28 |               46.1
                 2 | 53910   |               28.29 |               46.4
                 2 | 51314   |               28.29 |               47.5
                 2 | 46973   |               28.31 |               47.1
                 2 | 48690   |               28.31 |               44.7
                 2 | 50113   |               28.32 |               50.2
                 2 | 46477   |               28.34 |               48.4
                 2 | 42471   |               28.34 |               46.0
                 2 | 91235   |               28.35 |               48.1
                 2 | 43656   |               28.35 |               47.2
                 2 | 49417   |               28.35 |               46.6
                 2 | 40452   |               28.36 |               43.7
                 2 | 52515   |               28.36 |               49.1
                 2 | 48917   |               28.36 |               44.3
                 2 | 91251   |               28.36 |               48.4
                 2 | 44490   |               28.37 |               46.2
                 2 | 41645   |               28.37 |               44.8
                 2 | 40088   |               28.41 |               48.8
                 2 | 45152   |               28.43 |               52.2
                 2 | 49972   |               28.43 |               46.6
                 2 | 54330   |               28.44 |               47.3
                 2 | 40398   |               28.44 |               43.2
                 2 | 45438   |               28.45 |               45.1
                 2 | 90751   |               28.46 |               50.1
                 2 | 49913   |               28.47 |               44.7
                 2 | 40355   |               28.47 |               44.9
                 2 | 41980   |               28.50 |               44.7
                 2 | 42790   |               28.51 |               48.3
                 2 | 52256   |               28.51 |               40.8
                 2 | 43117   |               28.53 |               43.4
                 2 | 45195   |               28.53 |               50.1
                 2 | 52230   |               28.53 |               42.2
                 2 | 51659   |               28.54 |               47.5
                 2 | 40410   |               28.54 |               49.7
                 2 | 47171   |               28.55 |               48.4
                 2 | 47074   |               28.56 |               47.7
                 2 | 41769   |               28.56 |               45.7
                 2 | 41351   |               28.57 |               42.0
                 2 | 41297   |               28.59 |               45.2
                 2 | 48933   |               28.61 |               48.1
                 2 | 40851   |               28.61 |               45.2
                 2 | 52132   |               28.61 |               50.1
                 2 | 00450   |               28.63 |               49.7
                 2 | 52078   |               28.64 |               45.1
                 2 | 40711   |               28.66 |               45.3
                 2 | 47430   |               28.66 |               47.0
                 2 | 00191   |               28.66 |               47.8
                 2 | 47112   |               28.69 |               48.0
                 2 | 44717   |               28.70 |               46.4
                 2 | 46590   |               28.71 |               45.9
                 2 | 50199   |               28.71 |               45.9
                 2 | 41467   |               28.73 |               47.4
                 2 | 41513   |               28.73 |               46.2
                 2 | 50210   |               28.73 |               48.2
                 2 | 51179   |               28.75 |               45.6
                 2 | 47716   |               28.76 |               45.4
                 2 | 41939   |               28.76 |               47.2
                 2 | 46353   |               28.77 |               48.9
                 2 | 41971   |               28.77 |               45.4
                 2 | 41998   |               28.77 |               47.7
                 2 | 42137   |               28.78 |               46.3
                 2 | 47635   |               28.78 |               49.1
                 2 | 42331   |               28.79 |               44.4
                 2 | 00558   |               28.79 |               49.0
                 2 | 43818   |               28.79 |               48.3
                 2 | 49859   |               28.79 |               46.6
                 2 | 46337   |               28.80 |               46.5
                 2 | 41637   |               28.81 |               47.0
                 2 | 45594   |               28.81 |               50.0
                 2 | 45578   |               28.82 |               47.6
                 2 | 43397   |               28.84 |               44.5
                 2 | 50695   |               28.84 |               51.5
                 2 | 41114   |               28.84 |               50.0
                 2 | 48054   |               28.84 |               49.4
                 2 | 42714   |               28.85 |               44.8
                 2 | 44776   |               28.85 |               47.0
                 2 | 90794   |               28.85 |               46.5
                 2 | 53694   |               28.85 |               46.3
                 2 | 42439   |               28.85 |               47.4
                 2 | 54410   |               28.86 |               47.6
                 2 | 42358   |               28.86 |               49.7
                 2 | 41416   |               28.88 |               50.0
                 2 | 44091   |               28.88 |               49.5
                 2 | 21997   |               28.89 |               50.7
                 2 | 46710   |               28.92 |               44.3
                 2 | 46957   |               28.92 |               42.8
                 2 | 47732   |               28.94 |               39.8
                 2 | 40908   |               28.94 |               47.5
                 2 | 44172   |               28.94 |               48.1
                 2 | 49492   |               28.96 |               46.8
                 2 | 43036   |               28.99 |               45.2
                 2 | 53430   |               28.99 |               48.8
                 2 | 49638   |               29.01 |               47.6
                 2 | 51373   |               29.01 |               46.0
                 2 | 41750   |               29.02 |               46.5
                 2 | 54038   |               29.02 |               47.3
                 2 | 49514   |               29.03 |               48.6
                 2 | 46574   |               29.04 |               49.5
                 2 | 53716   |               29.05 |               46.4
                 2 | 00353   |               29.05 |               48.9
                 2 | 47511   |               29.06 |               46.7
                 2 | 46558   |               29.06 |               48.0
                 2 | 40576   |               29.06 |               48.0
                 2 | 53031   |               29.06 |               43.3
                 2 | 55069   |               29.06 |               44.2
                 2 | 40096   |               29.07 |               47.7
                 2 | 41580   |               29.08 |               44.7
                 2 | 47953   |               29.09 |               45.8
                 2 | 43575   |               29.09 |               43.4
                 2 | 52450   |               29.10 |               44.3
                 2 | 46930   |               29.10 |               46.5
                 2 | 44237   |               29.11 |               46.0
                 2 | 47651   |               29.12 |               46.9
                 2 | 19917   |               29.14 |               51.7
                 2 | 47970   |               29.14 |               48.8
                 2 | 00230   |               29.14 |               46.5
                 2 | 43737   |               29.16 |               48.9
                 2 | 42293   |               29.16 |               45.8
                 2 | 54070   |               29.16 |               46.8
                 2 | 47490   |               29.17 |               48.2
                 2 | 41491   |               29.17 |               43.1
                 2 | 50458   |               29.17 |               53.1
                 2 | 44156   |               29.17 |               50.2
                 2 | 48798   |               29.18 |               46.8
                 2 | 54399   |               29.19 |               45.6
                 2 | 42510   |               29.19 |               47.4
                 2 | 49891   |               29.20 |               42.8
                 2 | 48330   |               29.20 |               47.9
                 2 | 52795   |               29.21 |               43.9
                 2 | 41157   |               29.22 |               49.5
                 2 | 49751   |               29.22 |               48.1
                 2 | 52957   |               29.24 |               49.0
                 2 | 48070   |               29.30 |               45.7
                 2 | 53856   |               29.33 |               47.8
                 2 | 49875   |               29.34 |               39.2
                 2 | 49611   |               29.35 |               47.5
                 2 | 45691   |               29.36 |               44.2
                 2 | 46213   |               29.36 |               46.7
                 2 | 00590   |               29.37 |               42.1
                 2 | 41360   |               29.37 |               43.0
                 2 | 45756   |               29.38 |               47.0
                 2 | 45292   |               29.38 |               43.1
                 2 | 48437   |               29.39 |               48.5
                 2 | 52990   |               29.39 |               44.9
                 2 | 54275   |               29.40 |               48.1
                 2 | 90514   |               29.40 |               48.9
                 2 | 40932   |               29.40 |               48.4
                 2 | 52396   |               29.41 |               46.0
                 2 | 40959   |               29.42 |               45.8
                 2 | 45454   |               29.46 |               47.5
                 2 | 50237   |               29.46 |               46.9
                 2 | 42447   |               29.47 |               53.9
                 2 | 51870   |               29.47 |               47.2
                 2 | 42250   |               29.47 |               44.1
                 2 | 91278   |               29.49 |               51.7
                 2 | 47554   |               29.52 |               46.1
                 2 | 47210   |               29.53 |               46.2
                 2 | 42994   |               29.53 |               50.0
                 2 | 43257   |               29.54 |               46.2
                 2 | 42315   |               29.54 |               48.9
                 2 | 43311   |               29.55 |               48.8
                 2 | 43710   |               29.56 |               46.9
                 2 | 49654   |               29.57 |               46.3
                 2 | 42420   |               29.57 |               47.2
                 2 | 53058   |               29.59 |               49.0
                 2 | 53139   |               29.59 |               42.5
                 2 | 44555   |               29.60 |               47.7
                 2 | 51195   |               29.62 |               46.1
                 2 | 91650   |               29.63 |               47.9
                 2 | 43532   |               29.64 |               48.2
                 2 | 51977   |               29.64 |               47.2
                 2 | 49816   |               29.65 |               44.6
                 2 | 43435   |               29.65 |               47.7
                 2 | 41831   |               29.66 |               47.4
                 2 | 48518   |               29.68 |               49.2
                 2 | 48712   |               29.69 |               44.9
                 2 | 45853   |               29.70 |               47.3
                 2 | 00175   |               29.71 |               48.5
                 2 | 40630   |               29.75 |               47.7
                 2 | 53376   |               29.75 |               47.7
                 2 | 52051   |               29.76 |               46.9
                 2 | 91596   |               29.76 |               48.7
                 2 | 41793   |               29.76 |               47.3
                 2 | 46191   |               29.78 |               46.7
                 2 | 49174   |               29.78 |               46.4
                 2 | 51918   |               29.79 |               47.4
                 2 | 50555   |               29.80 |               45.9
                 2 | 49697   |               29.81 |               45.2
                 2 | 50539   |               29.81 |               49.7
                 2 | 40495   |               29.82 |               45.6
                 2 | 48372   |               29.82 |               43.6
                 2 | 45837   |               29.83 |               43.0
                 2 | 40673   |               29.84 |               45.6
                 2 | 47899   |               29.84 |               46.1
                 2 | 48976   |               29.85 |               44.4
                 2 | 45977   |               29.89 |               45.8
                 2 | 44296   |               29.92 |               44.9
                 2 | 45870   |               29.92 |               47.1
                 2 | 51276   |               29.93 |               45.1
                 2 | 40185   |               29.95 |               48.7
                 2 | 91790   |               29.95 |               48.2
                 2 | 51896   |               29.96 |               50.5
                 2 | 49832   |               29.97 |               49.4
                 2 | 00337   |               29.97 |               45.2
                 2 | 90131   |               29.98 |               48.0
                 2 | 50598   |               29.98 |               46.2
                 2 | 47813   |               29.98 |               47.9
                 2 | 90999   |               29.98 |               48.7
                 2 | 40746   |               29.99 |               48.0
                 2 | 46850   |               29.99 |               49.5
                 2 | 40258   |               29.99 |               45.7
                 2 | 48410   |               29.99 |               47.1
                 2 | 51390   |               30.00 |               47.2
                 2 | 43290   |               30.01 |               45.8
                 2 | 54291   |               30.01 |               41.3
                 2 | 50954   |               30.02 |               45.8
                 2 | 40657   |               30.03 |               52.0
                 2 | 42099   |               30.04 |               47.6
                 2 | 51756   |               30.05 |               43.6
                 2 | 52116   |               30.07 |               47.7
                 2 | 47791   |               30.07 |               48.1
                 2 | 53015   |               30.08 |               48.8
                 2 | 40371   |               30.08 |               46.6
                 2 | 42838   |               30.09 |               46.1
                 2 | 52299   |               30.09 |               46.2
                 2 | 45071   |               30.10 |               46.9
                 2 | 42129   |               30.11 |               49.5
                 2 | 46370   |               30.12 |               44.9
                 2 | 41530   |               30.12 |               47.7
                 2 | 53872   |               30.13 |               48.2
                 2 | 51454   |               30.14 |               42.6
                 2 | 50474   |               30.15 |               47.6
                 2 | 50830   |               30.16 |               45.0
                 2 | 47570   |               30.16 |               53.2
                 2 | 44954   |               30.17 |               47.8
                 2 | 40053   |               30.17 |               46.6
                 2 | 48755   |               30.18 |               49.7
                 2 | 41149   |               30.18 |               49.5
                 2 | 49158   |               30.19 |               47.5
                 2 | 40622   |               30.20 |               45.5
                 2 | 00698   |               30.21 |               46.4
                 3 | 40525   |               30.21 |               44.0
                 3 | 42170   |               30.21 |               48.1
                 3 | 47058   |               30.21 |               46.9
                 3 | 40819   |               30.21 |               45.5
                 3 | 48194   |               30.23 |               46.5
                 3 | 42897   |               30.23 |               43.6
                 3 | 43834   |               30.23 |               42.3
                 3 | 40860   |               30.24 |               49.5
                 3 | 51357   |               30.26 |               43.6
                 3 | 50431   |               30.29 |               47.0
                 3 | 19860   |               30.30 |               44.8
                 3 | 45713   |               30.32 |               48.3
                 3 | 51993   |               30.32 |               49.8
                 3 | 49131   |               30.33 |               46.5
                 3 | 19470   |               30.34 |               49.8
                 3 | 41173   |               30.34 |               45.5
                 3 | 49930   |               30.34 |               45.6
                 3 | 48119   |               30.35 |               46.5
                 3 | 51438   |               30.36 |               44.3
                 3 | 41076   |               30.36 |               45.1
                 3 | 43230   |               30.36 |               44.2
                 3 | 51713   |               30.36 |               44.4
                 3 | 52094   |               30.37 |               48.3
                 3 | 48259   |               30.40 |               45.0
                 3 | 40649   |               30.41 |               43.7
                 3 | 43150   |               30.44 |               42.7
                 3 | 47872   |               30.44 |               49.8
                 3 | 19666   |               30.45 |               51.0
                 3 | 55050   |               30.45 |               46.8
                 3 | 21130   |               30.46 |               48.9
                 3 | 53236   |               30.46 |               46.5
                 3 | 90816   |               30.47 |               46.1
                 3 | 54151   |               30.48 |               47.0
                 3 | 44830   |               30.49 |               49.9
                 3 | 41092   |               30.49 |               49.0
                 3 | 43478   |               30.51 |               49.9
                 3 | 00272   |               30.52 |               48.9
                 3 | 44415   |               30.52 |               47.7
                 3 | 53619   |               30.53 |               42.4
                 3 | 90298   |               30.54 |               48.2
                 3 | 52752   |               30.56 |               48.6
                 3 | 98078   |               30.56 |               47.8
                 3 | 44750   |               30.57 |               46.9
                 3 | 47155   |               30.58 |               45.4
                 3 | 46736   |               30.60 |               41.7
                 3 | 50997   |               30.64 |               49.1
                 3 | 44652   |               30.64 |               47.5
                 3 | 44733   |               30.64 |               43.9
                 3 | 49093   |               30.65 |               46.7
                 3 | 91499   |               30.65 |               44.6
                 3 | 48216   |               30.66 |               47.8
                 3 | 91138   |               30.66 |               46.2
                 3 | 50873   |               30.67 |               42.1
                 3 | 91901   |               30.68 |               52.1
                 3 | 47252   |               30.70 |               45.1
                 3 | 42811   |               30.71 |               47.1
                 3 | 45497   |               30.72 |               47.3
                 3 | 00620   |               30.73 |               46.3
                 3 | 50733   |               30.74 |               51.1
                 3 | 44075   |               30.76 |               44.3
                 3 | 41190   |               30.77 |               48.4
                 3 | 45390   |               30.77 |               46.7
                 3 | 41661   |               30.78 |               47.6
                 3 | 00655   |               30.78 |               50.7
                 3 | 46159   |               30.78 |               47.5
                 3 | 46078   |               30.78 |               45.8
                 3 | 55018   |               30.78 |               45.6
                 3 | 50318   |               30.78 |               44.9
                 3 | 48895   |               30.79 |               47.8
                 3 | 52655   |               30.80 |               44.4
                 3 | 42935   |               30.80 |               49.2
                 3 | 43990   |               30.81 |               42.4
                 3 | 50393   |               30.83 |               45.8
                 3 | 50270   |               30.84 |               49.2
                 3 | 20516   |               30.87 |               48.6
                 3 | 46094   |               30.87 |               46.5
                 3 | 49719   |               30.88 |               46.1
                 3 | 19887   |               30.88 |               48.3
                 3 | 48135   |               30.88 |               46.4
                 3 | 51616   |               30.88 |               47.8
                 3 | 42978   |               30.88 |               44.0
                 3 | 42617   |               30.89 |               50.6
                 3 | 46132   |               30.89 |               46.5
                 3 | 43699   |               30.89 |               40.2
                 3 | 42200   |               30.90 |               46.7
                 3 | 90433   |               30.91 |               46.8
                 3 | 42463   |               30.94 |               48.0
                 3 | 46876   |               30.95 |               48.0
                 3 | 48496   |               30.95 |               43.8
                 3 | 47279   |               30.96 |               48.5
                 3 | 51098   |               30.96 |               47.9
                 3 | 42102   |               30.97 |               41.0
                 3 | 40681   |               30.97 |               44.6
                 3 | 47090   |               30.97 |               47.0
                 3 | 22438   |               30.98 |               48.6
                 3 | 54437   |               31.00 |               45.3
                 3 | 51250   |               31.01 |               47.4
                 3 | 42498   |               31.03 |               47.6
                 3 | 47775   |               31.04 |               44.8
                 3 | 53333   |               31.06 |               47.1
                 3 | 41785   |               31.06 |               44.8
                 3 | 48356   |               31.07 |               44.6
                 3 | 50776   |               31.07 |               43.0
                 3 | 43370   |               31.08 |               44.2
                 3 | 44318   |               31.09 |               49.0
                 3 | 41920   |               31.09 |               47.2
                 3 | 19135   |               31.09 |               49.6
                 3 | 41866   |               31.10 |               45.7
                 3 | 53279   |               31.10 |               44.7
                 3 | 44911   |               31.11 |               45.8
                 3 | 48658   |               31.11 |               49.2
                 3 | 40665   |               31.13 |               43.7
                 3 | 51039   |               31.13 |               44.6
                 3 | 20257   |               31.14 |               44.3
                 3 | 52337   |               31.14 |               47.6
                 3 | 40347   |               31.15 |               48.5
                 3 | 52019   |               31.16 |               46.4
                 3 | 51012   |               31.16 |               45.3
                 3 | 53899   |               31.16 |               49.2
                 3 | 00728   |               31.17 |               41.5
                 3 | 43273   |               31.19 |               45.3
                 3 | 42773   |               31.19 |               47.3
                 3 | 90930   |               31.20 |               48.2
                 3 | 53457   |               31.20 |               44.8
                 3 | 40070   |               31.21 |               42.7
                 3 | 49212   |               31.22 |               46.0
                 3 | 48739   |               31.23 |               47.5
                 3 | 00256   |               31.25 |               46.7
                 3 | 52558   |               31.27 |               51.5
                 3 | 49670   |               31.29 |               46.1
                 3 | 44857   |               31.30 |               44.1
                 3 | 53392   |               31.30 |               43.7
                 3 | 00566   |               31.30 |               46.0
                 3 | 52272   |               31.30 |               44.8
                 3 | 44598   |               31.30 |               45.2
                 3 | 90158   |               31.33 |               45.8
                 3 | 51330   |               31.34 |               47.3
                 3 | 49999   |               31.36 |               46.7
                 3 | 43354   |               31.36 |               44.4
                 3 | 46272   |               31.37 |               45.6
                 3 | 43796   |               31.38 |               45.8
                 3 | 50610   |               31.38 |               47.0
                 3 | 40002   |               31.40 |               44.1
                 3 | 00574   |               31.41 |               47.2
                 3 | 46531   |               31.42 |               45.2
                 3 | 00663   |               31.44 |               46.1
                 3 | 42692   |               31.44 |               43.8
                 3 | 42633   |               31.44 |               47.7
                 3 | 45519   |               31.44 |               45.0
                 3 | 00132   |               31.45 |               47.5
                 3 | 00299   |               31.45 |               47.1
                 3 | 44334   |               31.46 |               47.4
                 3 | 48534   |               31.47 |               50.3
                 3 | 46655   |               31.48 |               50.7
                 3 | 91758   |               31.48 |               48.4
                 3 | 90190   |               31.49 |               45.5
                 3 | 46396   |               31.50 |               43.2
                 3 | 52418   |               31.51 |               48.1
                 3 | 53597   |               31.52 |               45.6
                 3 | 43753   |               31.53 |               46.9
                 3 | 43591   |               31.54 |               48.0
                 3 | 19038   |               31.54 |               46.5
                 3 | 22276   |               31.58 |               44.4
                 3 | 42757   |               31.59 |               47.4
                 3 | 90859   |               31.61 |               50.8
                 3 | 41840   |               31.62 |               45.4
                 3 | 90891   |               31.64 |               47.8
                 3 | 51730   |               31.65 |               49.4
                 3 | 44016   |               31.66 |               43.6
                 3 | 45772   |               31.66 |               47.6
                 3 | 22110   |               31.68 |               44.6
                 3 | 42048   |               31.68 |               44.8
                 3 | 21733   |               31.69 |               51.5
                 3 | 98019   |               31.69 |               47.3
                 3 | 49255   |               31.71 |               48.9
                 3 | 48836   |               31.72 |               45.8
                 3 | 44474   |               31.72 |               46.7
                 3 | 49476   |               31.72 |               45.9
                 3 | 53171   |               31.73 |               46.1
                 3 | 40592   |               31.74 |               44.3
                 3 | 44679   |               31.75 |               40.7
                 3 | 47198   |               31.75 |               47.6
                 3 | 53210   |               31.75 |               43.9
                 3 | 00515   |               31.77 |               38.1
                 3 | 46779   |               31.77 |               46.7
                 3 | 21237   |               31.78 |               39.5
                 3 | 45330   |               31.78 |               48.9
                 3 | 21970   |               31.79 |               48.8
                 3 | 98094   |               31.79 |               46.0
                 3 | 91863   |               31.81 |               48.2
                 3 | 42188   |               31.81 |               45.0
                 3 | 52698   |               31.82 |               44.7
                 3 | 20630   |               31.82 |               43.0
                 3 | 51411   |               31.82 |               45.6
                 3 | 90450   |               31.84 |               45.9
                 3 | 19704   |               31.84 |               38.2
                 3 | 53090   |               31.84 |               47.8
                 3 | 41459   |               31.88 |               47.1
                 3 | 52892   |               31.88 |               45.7
                 3 | 42560   |               31.89 |               44.9
                 3 | 41220   |               31.90 |               45.1
                 3 | 00396   |               31.90 |               48.1
                 3 | 19720   |               31.91 |               43.4
                 3 | 22250   |               31.91 |               44.3
                 3 | 44814   |               31.93 |               48.6
                 3 | 45055   |               31.93 |               47.6
                 3 | 98132   |               31.93 |               48.6
                 3 | 52612   |               31.94 |               38.9
                 3 | 45098   |               31.94 |               45.8
                 3 | 41823   |               31.96 |               44.5
                 3 | 52876   |               31.97 |               44.9
                 3 | 90735   |               31.97 |               48.2
                 3 | 47830   |               31.97 |               45.0
                 3 | 43192   |               31.98 |               51.3
                 3 | 42030   |               31.99 |               46.5
                 3 | 42153   |               32.00 |               44.8
                 3 | 53074   |               32.00 |               47.7
                 3 | 50156   |               32.01 |               47.4
                 3 | 90379   |               32.01 |               47.5
                 3 | 53953   |               32.02 |               46.1
                 3 | 52370   |               32.03 |               43.8
                 3 | 47295   |               32.03 |               43.5
                 3 | 48275   |               32.05 |               44.4
                 3 | 00752   |               32.06 |               47.8
                 3 | 41572   |               32.06 |               47.6
                 3 | 42226   |               32.08 |               45.2
                 3 | 21890   |               32.08 |               49.8
                 3 | 44792   |               32.09 |               45.9
                 3 | 51810   |               32.10 |               48.3
                 3 | 47937   |               32.10 |               45.6
                 3 | 41564   |               32.10 |               44.9
                 3 | 40487   |               32.10 |               45.0
                 3 | 43214   |               32.11 |               45.8
                 3 | 47031   |               32.11 |               49.4
                 3 | 53511   |               32.12 |               45.6
                 3 | 53813   |               32.12 |               47.7
                 3 | 47350   |               32.12 |               43.0
                 3 | 00604   |               32.13 |               47.8
                 3 | 00744   |               32.13 |               44.3
                 3 | 44393   |               32.14 |               47.8
                 3 | 51497   |               32.14 |               43.8
                 3 | 47619   |               32.15 |               44.1
                 3 | 90212   |               32.15 |               50.0
                 3 | 54097   |               32.15 |               45.7
                 3 | 00310   |               32.16 |               45.4
                 3 | 40460   |               32.19 |               42.8
                 3 | 40703   |               32.19 |               47.4
                 3 | 52531   |               32.20 |               45.4
                 4 | 19879   |               32.20 |               53.2
                 4 | 41718   |               32.20 |               47.6
                 4 | 49352   |               32.21 |               45.2
                 4 | 45993   |               32.22 |               47.6
                 4 | 40789   |               32.23 |               44.7
                 4 | 41254   |               32.29 |               47.7
                 4 | 51292   |               32.31 |               48.6
                 4 | 00051   |               32.33 |               45.7
                 4 | 41904   |               32.33 |               46.1
                 4 | 19445   |               32.33 |               50.2
                 4 | 40509   |               32.38 |               45.3
                 4 | 51551   |               32.39 |               45.7
                 4 | 45934   |               32.40 |               44.1
                 4 | 50717   |               32.42 |               47.0
                 4 | 43893   |               32.42 |               47.3
                 4 | 45373   |               32.45 |               46.3
                 4 | 91693   |               32.45 |               50.3
                 4 | 53198   |               32.47 |               46.4
                 4 | 41343   |               32.48 |               45.1
                 4 | 49735   |               32.48 |               45.7
                 4 | 46795   |               32.49 |               46.5
                 4 | 46019   |               32.50 |               48.7
                 4 | 90395   |               32.51 |               44.3
                 4 | 48399   |               32.52 |               44.6
                 4 | 40606   |               32.52 |               41.1
                 4 | 00370   |               32.53 |               46.7
                 4 | 44873   |               32.54 |               47.9
                 4 | 44431   |               32.55 |               44.4
                 4 | 43451   |               32.57 |               45.5
                 4 | 00671   |               32.58 |               44.3
                 4 | 40762   |               32.58 |               40.7
                 4 | 43559   |               32.61 |               45.9
                 4 | 40320   |               32.61 |               44.8
                 4 | 00647   |               32.62 |               47.0
                 4 | 55042   |               32.64 |               49.8
                 4 | 91731   |               32.64 |               49.1
                 4 | 91570   |               32.65 |               43.6
                 4 | 49018   |               32.65 |               45.7
                 4 | 91154   |               32.66 |               49.5
                 4 | 43630   |               32.67 |               46.3
                 4 | 52477   |               32.67 |               44.5
                 4 | 41122   |               32.68 |               44.6
                 4 | 90875   |               32.68 |               47.9
                 4 | 20753   |               32.68 |               45.1
                 4 | 41424   |               32.72 |               50.2
                 4 | 41955   |               32.72 |               45.6
                 4 | 00612   |               32.73 |               46.5
                 4 | 51632   |               32.74 |               45.3
                 4 | 40894   |               32.77 |               44.7
                 4 | 00736   |               32.77 |               50.6
                 4 | 21431   |               32.79 |               48.0
                 4 | 00094   |               32.81 |               46.1
                 4 | 53112   |               32.84 |               48.6
                 4 | 44512   |               32.86 |               48.5
                 4 | 40266   |               32.90 |               46.2
                 4 | 41165   |               33.01 |               43.9
                 4 | 00639   |               33.03 |               46.9
                 4 | 41025   |               33.03 |               43.0
                 4 | 19844   |               33.05 |               39.5
                 4 | 19402   |               33.06 |               49.1
                 4 | 52817   |               33.06 |               47.3
                 4 | 90417   |               33.07 |               46.5
                 4 | 55000   |               33.08 |               47.1
                 4 | 42382   |               33.10 |               45.3
                 4 | 49395   |               33.12 |               45.1
                 4 | 20613   |               33.12 |               43.1
                 4 | 54054   |               33.12 |               48.6
                 4 | 20770   |               33.13 |               40.0
                 4 | 40142   |               33.13 |               46.8
                 4 | 00116   |               33.13 |               43.0
                 4 | 90638   |               33.14 |               45.9
                 4 | 00531   |               33.14 |               43.2
                 4 | 19658   |               33.16 |               44.6
                 4 | 52035   |               33.16 |               44.6
                 4 | 42595   |               33.17 |               44.4
                 4 | 20397   |               33.17 |               42.7
                 4 | 21172   |               33.18 |               45.1
                 4 | 21814   |               33.20 |               42.8
                 4 | 41858   |               33.22 |               46.4
                 4 | 45012   |               33.25 |               45.1
                 4 | 47376   |               33.25 |               48.8
                 4 | 45551   |               33.29 |               48.2
                 4 | 49050   |               33.31 |               44.7
                 4 | 44377   |               33.33 |               41.5
                 4 | 00779   |               33.34 |               43.4
                 4 | 40177   |               33.34 |               43.8
                 4 | 41319   |               33.34 |               47.6
                 4 | 91430   |               33.36 |               44.9
                 4 | 41181   |               33.37 |               46.8
                 4 | 21679   |               33.38 |               42.8
                 4 | 19267   |               33.38 |               44.3
                 4 | 21954   |               33.39 |               46.3
                 4 | 21199   |               33.39 |               50.3
                 4 | 91014   |               33.40 |               45.4
                 4 | 49379   |               33.41 |               44.8
                 4 | 19399   |               33.41 |               44.0
                 4 | 41335   |               33.43 |               48.5
                 4 | 21695   |               33.43 |               43.1
                 4 | 47996   |               33.44 |               47.0
                 4 | 91413   |               33.44 |               46.4
                 4 | 42340   |               33.45 |               50.2
                 4 | 22390   |               33.46 |               45.3
                 4 | 42366   |               33.46 |               47.3
                 4 | 47538   |               33.47 |               51.5
                 4 | 19631   |               33.48 |               51.2
                 4 | 22314   |               33.48 |               47.4
                 4 | 44610   |               33.49 |               49.2
                 4 | 42323   |               33.49 |               46.2
                 4 | 40363   |               33.52 |               45.1
                 4 | 51772   |               33.55 |               47.7
                 4 | 42013   |               33.56 |               46.0
                 4 | 19810   |               33.56 |               48.1
                 4 | 53414   |               33.58 |               48.3
                 4 | 44997   |               33.58 |               46.4
                 4 | 00078   |               33.60 |               44.0
                 4 | 98035   |               33.60 |               48.8
                 4 | 40800   |               33.60 |               45.0
                 4 | 44571   |               33.61 |               52.0
                 4 | 42501   |               33.66 |               43.8
                 4 | 98175   |               33.67 |               49.9
                 4 | 20036   |               33.68 |               40.2
                 4 | 51934   |               33.68 |               45.2
                 4 | 42242   |               33.68 |               46.1
                 4 | 40967   |               33.69 |               47.3
                 4 | 40533   |               33.71 |               47.1
                 4 | 47392   |               33.72 |               46.6
                 4 | 47473   |               33.73 |               48.2
                 4 | 19224   |               33.74 |               45.1
                 4 | 00159   |               33.75 |               45.7
                 4 | 51233   |               33.76 |               47.1
                 4 | 46035   |               33.77 |               50.3
                 4 | 51110   |               33.86 |               46.8
                 4 | 20338   |               33.87 |               49.4
                 4 | 52914   |               33.87 |               46.4
                 4 | 21270   |               33.89 |               49.4
                 4 | 49956   |               33.89 |               45.6
                 4 | 40223   |               33.91 |               46.1
                 4 | 00582   |               33.92 |               45.0
                 4 | 42579   |               33.92 |               49.6
                 4 | 42285   |               33.95 |               41.7
                 4 | 21075   |               33.96 |               39.6
                 4 | 91073   |               33.96 |               46.8
                 4 | 45110   |               33.99 |               43.2
                 4 | 42480   |               34.00 |               44.4
                 4 | 41629   |               34.01 |               44.5
                 4 | 40304   |               34.01 |               45.6
                 4 | 19755   |               34.01 |               46.6
                 4 | 50032   |               34.01 |               47.8
                 4 | 50911   |               34.05 |               45.6
                 4 | 40541   |               34.05 |               44.7
                 4 | 40207   |               34.07 |               46.3
                 4 | 00787   |               34.08 |               44.6
                 4 | 42064   |               34.09 |               44.4
                 4 | 21776   |               34.11 |               47.6
                 4 | 91782   |               34.12 |               48.5
                 4 | 41548   |               34.13 |               44.4
                 4 | 47457   |               34.14 |               42.1
                 4 | 41726   |               34.17 |               49.4
                 4 | 53937   |               34.17 |               47.8
                 4 | 41874   |               34.18 |               44.3
                 4 | 19526   |               34.19 |               41.8
                 4 | 52159   |               34.21 |               42.9
                 4 | 45950   |               34.21 |               45.4
                 4 | 42307   |               34.21 |               43.3
                 4 | 20311   |               34.22 |               46.1
                 4 | 47015   |               34.22 |               47.2
                 4 | 20958   |               34.23 |               50.5
                 4 | 91111   |               34.23 |               47.5
                 4 | 21857   |               34.27 |               43.4
                 4 | 19453   |               34.28 |               39.8
                 4 | 19429   |               34.29 |               44.5
                 4 | 21016   |               34.29 |               44.5
                 4 | 54259   |               34.31 |               46.8
                 4 | 40738   |               34.33 |               44.9
                 4 | 53350   |               34.33 |               44.8
                 4 | 51594   |               34.34 |               45.2
                 4 | 43079   |               34.38 |               49.5
                 4 | 19593   |               34.43 |               42.1
                 4 | 40428   |               34.45 |               40.9
                 4 | 98051   |               34.45 |               45.2
                 4 | 40983   |               34.45 |               43.8
                 4 | 45918   |               34.47 |               40.8
                 4 | 49794   |               34.47 |               47.9
                 4 | 42269   |               34.47 |               45.6
                 4 | 22330   |               34.47 |               50.1
                 4 | 40274   |               34.48 |               46.6
                 4 | 41483   |               34.49 |               46.7
                 4 | 19577   |               34.50 |               53.7
                 4 | 41068   |               34.56 |               45.8
                 4 | 21539   |               34.61 |               48.9
                 4 | 19852   |               34.61 |               48.5
                 4 | 21296   |               34.61 |               45.1
                 4 | 52213   |               34.61 |               45.7
                 4 | 42412   |               34.61 |               43.7
                 4 | 91880   |               34.61 |               44.3
                 4 | 48011   |               34.64 |               43.4
                 4 | 40568   |               34.65 |               45.8
                 4 | 20494   |               34.66 |               47.0
                 4 | 41386   |               34.70 |               43.0
                 4 | 00035   |               34.72 |               45.5
                 4 | 52710   |               34.75 |               45.3
                 4 | 20419   |               34.77 |               45.7
                 4 | 44199   |               34.77 |               46.2
                 4 | 19380   |               34.78 |               48.0
                 4 | 20133   |               34.79 |               42.6
                 4 | 19895   |               34.79 |               44.7
                 4 | 00680   |               34.84 |               42.0
                 4 | 19372   |               34.84 |               44.1
                 4 | 41696   |               34.85 |               43.2
                 4 | 91804   |               34.86 |               45.7
                 4 | 19712   |               34.87 |               42.8
                 4 | 50130   |               34.87 |               45.5
                 4 | 21636   |               34.89 |               45.7
                 4 | 19330   |               34.96 |               49.7
                 4 | 20273   |               34.98 |               45.8
                 4 | 41203   |               34.99 |               45.6
                 4 | 20710   |               35.00 |               42.0
                 4 | 22039   |               35.01 |               44.1
                 4 | 19534   |               35.04 |               49.1
                 4 | 42455   |               35.05 |               44.1
                 4 | 21911   |               35.07 |               43.2
                 4 | 19437   |               35.07 |               48.4
                 4 | 91316   |               35.09 |               46.7
                 4 | 47856   |               35.12 |               43.9
                 4 | 40193   |               35.15 |               46.2
                 4 | 46418   |               35.16 |               46.2
                 4 | 21938   |               35.17 |               51.3
                 4 | 22233   |               35.18 |               42.6
                 4 | 91820   |               35.19 |               47.2
                 4 | 41289   |               35.24 |               45.3
                 4 | 45233   |               35.25 |               44.5
                 4 | 19151   |               35.25 |               46.6
                 4 | 19178   |               35.25 |               48.6
                 4 | 41521   |               35.27 |               44.8
                 4 | 43494   |               35.27 |               43.5
                 4 | 20974   |               35.27 |               43.4
                 4 | 20575   |               35.29 |               43.7
                 4 | 19674   |               35.30 |               45.7
                 4 | 46450   |               35.33 |               45.3
                 4 | 19941   |               35.34 |               50.1
                 4 | 45314   |               35.35 |               43.4
                 4 | 53252   |               35.36 |               47.4
                 4 | 21598   |               35.37 |               49.3
                 4 | 22071   |               35.39 |               44.0
                 4 | 19976   |               35.40 |               47.1
                 4 | 53295   |               35.40 |               42.7
                 4 | 90115   |               35.40 |               46.0
                 5 | 19739   |               35.41 |               46.7
                 5 | 40584   |               35.42 |               44.7
                 5 | 20834   |               35.45 |               40.1
                 5 | 21750   |               35.47 |               45.6
                 5 | 46310   |               35.48 |               44.4
                 5 | 40029   |               35.48 |               45.6
                 5 | 41408   |               35.49 |               43.5
                 5 | 22373   |               35.49 |               48.1
                 5 | 45357   |               35.50 |               43.3
                 5 | 22217   |               35.51 |               46.2
                 5 | 40240   |               35.51 |               45.7
                 5 | 51578   |               35.53 |               48.2
                 5 | 00809   |               35.53 |               45.8
                 5 | 98116   |               35.53 |               45.3
                 5 | 21474   |               35.54 |               43.1
                 5 | 19216   |               35.57 |               44.2
                 5 | 40118   |               35.58 |               44.9
                 5 | 19780   |               35.58 |               45.0
                 5 | 22179   |               35.59 |               45.5
                 5 | 43613   |               35.59 |               44.4
                 5 | 48992   |               35.59 |               45.9
                 5 | 42544   |               35.61 |               46.5
                 5 | 46493   |               35.62 |               46.9
                 5 | 90530   |               35.65 |               45.7
                 5 | 54178   |               35.66 |               48.5
                 5 | 00795   |               35.68 |               46.1
                 5 | 19496   |               35.69 |               47.7
                 5 | 49034   |               35.70 |               45.3
                 5 | 19410   |               35.71 |               47.4
                 5 | 41106   |               35.73 |               46.9
                 5 | 19356   |               35.74 |               44.9
                 5 | 20117   |               35.76 |               46.4
                 5 | 40045   |               35.77 |               42.6
                 5 | 20931   |               35.78 |               48.1
                 5 | 90557   |               35.78 |               44.0
                 5 | 41963   |               35.79 |               44.3
                 5 | 40169   |               35.80 |               49.9
                 5 | 21717   |               35.83 |               41.9
                 5 | 44130   |               35.84 |               45.3
                 5 | 19690   |               35.85 |               45.5
                 5 | 19232   |               35.85 |               44.0
                 5 | 00477   |               35.86 |               45.1
                 5 | 21458   |               35.87 |               45.8
                 5 | 22055   |               35.89 |               46.8
                 5 | 20699   |               35.90 |               44.5
                 5 | 21156   |               35.93 |               44.8
                 5 | 19313   |               35.95 |               42.5
                 5 | 00493   |               35.96 |               45.7
                 5 | 42277   |               35.96 |               45.8
                 5 | 41700   |               35.99 |               45.4
                 5 | 52590   |               35.99 |               44.4
                 5 | 21415   |               35.99 |               44.0
                 5 | 00434   |               36.00 |               47.5
                 5 | 21571   |               36.03 |               45.2
                 5 | 20290   |               36.05 |               39.8
                 5 | 21032   |               36.07 |               40.8
                 5 | 20214   |               36.09 |               44.9
                 5 | 00418   |               36.10 |               46.3
                 5 | 19461   |               36.11 |               36.8
                 5 | 19488   |               36.13 |               43.7
                 5 | 49239   |               36.13 |               45.2
                 5 | 22195   |               36.13 |               49.1
                 5 | 90034   |               36.14 |               42.6
                 5 | 19054   |               36.14 |               49.1
                 5 | 40100   |               36.16 |               44.3
                 5 | 20672   |               36.21 |               43.4
                 5 | 40843   |               36.27 |               40.4
                 5 | 00019   |               36.29 |               46.7
                 5 | 00701   |               36.31 |               41.6
                 5 | 41300   |               36.34 |               40.8
                 5 | 21210   |               36.35 |               45.1
                 5 | 19070   |               36.36 |               44.6
                 5 | 41246   |               36.38 |               45.6
                 5 | 22292   |               36.41 |               39.5
                 5 | 51535   |               36.42 |               44.4
                 5 | 19240   |               36.44 |               44.5
                 5 | 40940   |               36.45 |               47.8
                 5 | 19518   |               36.46 |               44.2
                 5 | 19585   |               36.48 |               41.2
                 5 | 41041   |               36.49 |               41.7
                 5 | 19194   |               36.59 |               48.0
                 5 | 50890   |               36.59 |               42.8
                 5 | 41807   |               36.60 |               44.1
                 5 | 41505   |               36.63 |               44.4
                 5 | 40126   |               36.65 |               43.0
                 5 | 00213   |               36.66 |               46.9
                 5 | 54313   |               36.68 |               42.4
                 5 | 20990   |               36.68 |               44.8
                 5 | 20230   |               36.76 |               43.8
                 5 | 21113   |               36.77 |               44.5
                 5 | 19950   |               36.81 |               43.1
                 5 | 20176   |               36.83 |               49.4
                 5 | 42080   |               36.85 |               45.5
                 5 | 40886   |               36.87 |               44.9
                 5 | 20010   |               36.88 |               43.3
                 5 | 40380   |               36.89 |               44.3
                 5 | 20818   |               36.92 |               43.2
                 5 | 20478   |               36.92 |               45.5
                 5 | 20370   |               36.94 |               45.6
                 5 | 21490   |               36.95 |               44.9
                 5 | 42005   |               37.00 |               42.7
                 5 | 22136   |               37.01 |               47.1
                 5 | 21512   |               37.01 |               48.2
                 5 | 91030   |               37.01 |               45.0
                 5 | 21253   |               37.01 |               45.3
                 5 | 21091   |               37.04 |               47.8
                 5 | 19569   |               37.05 |               45.4
                 5 | 53996   |               37.06 |               48.1
                 5 | 21059   |               37.07 |               43.8
                 5 | 21377   |               37.10 |               47.6
                 5 | 22357   |               37.13 |               46.4
                 5 | 20079   |               37.13 |               51.2
                 5 | 55026   |               37.16 |               47.6
                 5 | 20893   |               37.20 |               46.5
                 5 | 19208   |               37.23 |               42.6
                 5 | 40720   |               37.27 |               48.6
                 5 | 42021   |               37.28 |               42.3
                 5 | 50652   |               37.31 |               46.9
                 5 | 19542   |               37.34 |               46.5
                 5 | 19321   |               37.34 |               49.1
                 5 | 19305   |               37.35 |               46.2
                 5 | 21318   |               37.39 |               45.8
                 5 | 91375   |               37.39 |               47.0
                 5 | 90174   |               37.39 |               43.3
                 5 | 19763   |               37.40 |               40.9
                 5 | 21393   |               37.43 |               44.0
                 5 | 40282   |               37.44 |               44.8
                 5 | 20915   |               37.46 |               43.3
                 5 | 21555   |               37.53 |               43.5
                 5 | 20796   |               37.54 |               44.4
                 5 | 20095   |               37.54 |               45.4
                 5 | 19011   |               37.55 |               41.6
                 5 | 19798   |               37.56 |               43.6
                 5 | 19607   |               37.56 |               42.8
                 5 | 40444   |               37.57 |               42.8
                 5 | 20451   |               37.59 |               43.1
                 5 | 19275   |               37.59 |               43.7
                 5 | 20435   |               37.60 |               47.7
                 5 | 41009   |               37.61 |               46.7
                 5 | 19771   |               37.67 |               51.5
                 5 | 20737   |               37.69 |               49.0
                 5 | 51519   |               37.69 |               39.7
                 5 | 19615   |               37.75 |               46.6
                 5 | 20354   |               37.78 |               46.3
                 5 | 22152   |               37.80 |               44.0
                 5 | 20850   |               37.81 |               45.3
                 5 | 21873   |               37.82 |               48.5
                 5 | 19020   |               37.82 |               40.1
                 5 | 19550   |               37.84 |               44.4
                 5 | 21792   |               37.85 |               46.0
                 5 | 41742   |               37.88 |               42.1
                 5 | 98159   |               37.91 |               47.9
                 5 | 40924   |               37.94 |               47.2
                 5 | 52833   |               37.99 |               44.2
                 5 | 19186   |               38.07 |               43.9
                 5 | 19348   |               38.11 |               39.7
                 5 | 42536   |               38.12 |               41.4
                 5 | 48178   |               38.20 |               45.2
                 5 | 19003   |               38.21 |               46.9
                 5 | 19933   |               38.25 |               43.0
                 5 | 20150   |               38.25 |               42.6
                 5 | 19836   |               38.39 |               44.2
                 5 | 19682   |               38.40 |               43.1
                 5 | 21830   |               38.44 |               41.5
                 5 | 41327   |               38.50 |               47.7
                 5 | 20559   |               38.56 |               49.7
                 5 | 19640   |               38.56 |               43.6
                 5 | 19259   |               38.57 |               47.9
                 5 | 19500   |               38.57 |               46.1
                 5 | 19097   |               38.63 |               49.6
                 5 | 20656   |               38.65 |               42.1
                 5 | 20591   |               38.65 |               40.9
                 5 | 20192   |               38.79 |               43.9
                 5 | 19747   |               38.88 |               40.0
                 5 | 19623   |               38.89 |               38.4
                 5 | 19119   |               38.92 |               48.7
                 5 | 19909   |               38.99 |               39.8
                 5 | 19801   |               39.07 |               39.5
                 5 | 22411   |               39.08 |               44.2
                 5 | 19992   |               39.23 |               44.2
                 5 | 19160   |               39.28 |               47.9
                 5 | 19283   |               39.31 |               41.2
                 5 | 20052   |               39.33 |               46.7
                 5 | 21334   |               39.37 |               43.8
                 5 | 19984   |               39.43 |               46.4
                 5 | 41688   |               39.55 |               39.8
                 5 | 21350   |               39.58 |               41.6
                 5 | 22012   |               39.60 |               44.3
                 5 | 19925   |               39.69 |               43.0
                 5 | 21610   |               39.73 |               45.4
                 5 | 19100   |               39.76 |               40.8
                 5 | 19143   |               40.07 |               52.6
                 5 | 22098   |               40.09 |               40.4
                 5 | 20532   |               40.11 |               45.7
                 5 | 40479   |               40.11 |               45.1
                 5 | 41084   |               40.12 |               39.4
                 5 | 19089   |               40.13 |               40.6
                 5 | 19127   |               40.40 |               37.5
                 5 | 03018   |               40.44 |               44.0
                 5 | 20877   |               40.48 |               44.9
                 5 | 41262   |               40.57 |               41.9
                 5 | 06050   |               40.69 |               46.1
                 5 | 41882   |               40.78 |               42.1
                 5 | 42404   |               41.30 |               42.1
                 5 | 19291   |               41.44 |               41.7
                 5 | 19046   |               41.95 |               43.9
                 5 | 03000   |               41.97 |               44.8
                 5 | 06033   |               42.17 |               43.4
                 5 | 06025   |               42.22 |               43.5
                 5 | 03069   |               42.27 |               41.9
                 5 | 03158   |               42.30 |               42.3
                 5 | 20001   |               42.38 |               40.9
                 5 | 44059   |               42.51 |               47.2
                 5 | 42528   |               42.56 |               39.1
                 5 | 06130   |               42.63 |               44.4
                 5 | 19968   |               42.73 |               44.0
                 5 | 19828   |               42.83 |               41.1
                 5 | 03085   |               42.89 |               41.9
                 5 | 19062   |               42.94 |               44.3
                 5 | 06092   |               43.01 |               44.9
                 5 | 03093   |               43.06 |               42.3
                 5 | 03034   |               43.12 |               42.0
                 5 | 19364   |               43.13 |               41.9
                 5 | 03131   |               43.22 |               41.2
                 5 | 06106   |               43.33 |               42.4
                 5 | 03050   |               43.85 |               40.5
                 5 | 91715   |               44.44 |               42.9
                 5 | 06157   |               44.72 |               45.3
                 5 | 06017   |               44.73 |               41.1
                 5 | 91847   |               44.77 |               42.1
                 5 | 03026   |               45.37 |               43.9
                 5 | 03042   |               45.64 |               42.3
                 5 | 41602   |               45.87 |               43.7
                 5 | 06114   |               45.89 |               43.6
                 5 | 03077   |               46.20 |               44.4
                 5 | 03123   |               46.49 |               43.5
                 5 | 55034   |               46.81 |               41.1
                 5 | 06122   |               47.01 |               43.7
                 5 | 98590   |               47.15 |               41.9
                 5 | 06173   |               47.53 |               43.4
                 5 | 06084   |               47.54 |               44.8
                 5 | 06009   |               49.09 |               42.0
                 5 | 06076   |               49.81 |               43.7
                 5 | 06041   |               49.89 |               43.0
                 5 | 06068   |               50.98 |               40.3
                 5 | 03115   |               55.48 |               41.0
                 5 | 03107   |               56.51 |               39.4
(1238 rows)

Time: 575,106 ms
